e,1,16,0;d,1,16,0;c,1,16,0;b,0,16,0;
a,0,16,0;g,0,16,0;a,0,16,0;b,0,16,0;

c,1,16,0;b,0,16,0;a,0,16,0;g,0,16,0;
f,0,16,0;e,0,16,0;f,0,16,0;d,0,16,0;


c,1,8,0;b,0,8,0;c,1,8,0;c,0,8,0;
b,-1,8,0;g,0,8,0;d,0,8,0;e,0,8,0;
c,0,8,0;c,1,8,0;b,0,8,0;a,0,8,0;
b,0,8,0;e,1,8,0;g,1,8,0;a,1,8,0;
f,1,8,0;e,1,8,0;d,1,8,0;f,1,8,0;
f,1,8,0;e,1,8,0;c,1,8,0;b,0,8,0;

a,0,8,0;g,0,8,0;f,0,8,0;e,0,8,0;
d,0,8,0;f,0,8,0;e,0,8,0;d,0,8,0;
c,0,8,0;d,0,8,0;e,0,8,0;f,0,8,0;
g,0,8,0;d,0,8,0;g,0,8,0;f,0,8,0;
e,0,8,0;a,0,8,0;g,0,8,0;f,0,8,0;
g,0,8,0;f,0,8,0;e,0,8,0;d,0,8,0;

c,0,8,0;a,-1,8,0;a,0,8,0;b,0,8,0;
c,1,8,0;b,0,8,0;a,0,8,0;g,0,8,0;
f,0,8,0;e,0,8,0;d,0,8,0;a,0,8,0;
g,0,8,0;a,0,8,0;g,0,8,0;f,0,8,0;

e,0,16,0;e,1,16,0;d,1,32,0;
c,1,32,0;d,1,32,0;
c,1,16,0;e,1,16,0;d,1,16,0;f,1,16,0;


g,1,8,0;e,1,4,0;f,1,4,0;
g,1,8,0;e,1,4,0;f,1,4,0;
g,1,4,0;g,0,4,0;a,0,4,0;b,0,4,0;
c,1,4,0;d,1,4,0;e,1,4,0;f,1,4,0;

e,1,8,0;c,1,4,0;d,1,4,0;
e,1,8,0;e,0,4,0;f,0,4,0;
g,0,4,0;a,0,4,0;g,0,4,0;f,0,4,0;
g,0,4,0;e,0,4,0;f,0,4,0;g,0,4,0;

f,0,8,0;a,0,4,0;g,0,4,0;
f,0,8,0;e,0,4,0;d,0,4,0;
e,0,4,0;d,0,4,0;c,0,4,0;d,0,4,0;
e,0,4,0;f,0,4,0;g,0,4,0;a,0,4,0;

f,0,8,0;a,0,4,0;g,0,4,0;
a,0,8,0;b,0,4,0;c,1,4,0;
g,0,4,0;a,0,4,0;b,0,4,0;c,1,4,0;
d,1,4,0;e,1,4,0;f,1,4,0;g,1,4,0;

e,1,8,0;c,1,4,0;d,1,4,0;
e,1,8,0;d,1,4,0;c,1,4,0;
d,1,4,0;b,0,4,0;c,1,4,0;d,1,4,0;
e,1,4,0;d,1,4,0;c,1,4,0;b,0,4,0;

c,1,8,0;a,0,4,0;b,0,4,0;
c,1,8,0;c,0,4,0;d,0,4,0;
e,0,4,0;f,0,4,0;e,0,4,0;d,0,4,0;
e,0,4,0;c,1,4,0;b,0,4,0;c,1,4,0;

a,0,8,0;c,1,4,0;b,0,4,0;
a,0,8,0;g,0,4,0;f,0,4,0;
g,0,4,0;f,0,4,0;e,0,4,0;f,0,4,0;
g,0,4,0;a,0,4,0;b,0,4,0;c,0,4,0;

a,0,8,0;c,1,4,0;b,0,4,0;
c,1,8,0;b,0,4,0;a,0,4,0;
b,0,4,0;c,1,4,0;d,1,4,0;c,1,4,0;
b,0,4,0;c,1,4,0;a,0,4,0;b,0,4,0;

e,1,8,0;e,0,8,0;f,0,8,0;e,0,8,0;
d,0,8,0;d,1,8,0;e,1,8,0;d,1,8,0;

c,1,8,0;e,0,8,0;c,0,8,0;a,0,8,0;
g,0,8,0;g,-1,8,0;f,-1,8,0;f,-1,8,0;

a,-1,8,0;a,0,8,0;b,0,8,0;a,0,8,0;
b,0,8,0;g,-1,8,0;f,-1,8,0;g,-1,8,0;

a,-1,8,0;a,0,8,0;g,0,8,0;a,0,8,0;
b,0,8,0;b,0,8,0;a,0,8,0;b,0,8,0;

c,0,8,0;c,1,8,0;d,1,8,0;c,1,8,0;
b,0,8,0;b,-1,8,0;c,0,8,0;b,-1,8,0;

a,-1,8,0;a,0,8,0;g,0,8,0;a,0,8,0;
b,0,8,0;b,-1,8,0;e,0,8,0;d,0,8,0;

c,0,8,0;c,1,8,0;d,1,8,0;f,1,8,0;
e,1,8,0;e,0,8,0;g,0,8,0;e,1,8,0;

c,1,8,0;f,1,8,0;e,1,8,0;f,1,8,0;
d,1,8,0;g,0,8,0;f,0,8,0;g,0,8,0;

e,0,8,0;c,1,4,0;b,0,4,0;c,1,8,0;e,0,8,0;
g,0,8,0;g,0,4,0;a,0,4,0;b,0,8,0;g,0,8,0;

e,0,8,0;c,1,4,0;d,1,4,0;e,1,8,0;c,1,8,0;
e,1,8,0;e,1,4,0;d,1,4,0;c,1,8,0;b,0,8,0;

a,0,8,0;a,0,4,0;g,0,4,0;a,0,8,0;b,0,8,0;
c,1,8,0;e,1,4,0;d,1,4,0;c,1,8,0;e,1,8,0;

f,0,8,0;c,0,4,0;b,0,4,0;a,0,8,0;a,0,8,0;
g,0,8,0;d,0,8,0;g,0,8,0;g,0,8,0;

e,0,16,0;e,1,8,0;e,1,8,0;f,1,8,0;e,1,8,0;d,1,8,0;
c,1,16,0;c,1,8,0;c,1,8,0;d,1,8,0;c,1,8,0;b,0,8,0;

a,0,32,0;c,1,32,0;

c,1,8,0;b,0,8,-1;a,0,8,0;b,0,8,-1;g,0,16,0;g,0,8,0;

g,0,16,0;g,0,8,0;g,0,8,0;a,0,8,0;g,0,8,0;f,0,8,0;

e,0,16,0;e,0,8,0;e,0,8,0;f,0,8,0;e,0,8,0;d,0,8,0;

c,1,8,0;b,0,8,-1;a,0,8,0;b,0,8,-1;g,0,16,0;g,0,8,0;

f,0,16,0;c,1,16,0;b,0,16,0;b,0,8,0;

g,1,32,0;g,1,16,0;f,1,8,0;e,1,32,0;e,1,16,0;d,1,8,0;

c,1,48,0;c,0,16,0;c,1,48,0;b,0,16,0;

c,1,16,0;c,0,16,0;b,-1,16,0;b,0,16,0;

a,0,16,0;a,-1,16,0;g,-1,16,0;g,0,16,0;

f,0,16,0;f,1,16,0;e,1,16,0;e,0,16,0;

d,0,16,0;a,0,16,0;d,0,16,0;d,1,16,0;

e,1,16,0;e,0,16,0;d,0,16,0;d,1,16,0;

c,1,16,0;c,0,16,0;b,-1,16,0;b,0,16,0;

a,0,16,0;a,1,15,0;g,-1,16,0;g,0,16,0;

f,0,32,0;d,1,8,0;g,0,16,0;d,1,16,0;

e,1,32,0;
